I=1
-L=1
1,
I=2
-L=1
2,
1,
-L=2
1,2,
I=3
-L=1
3,
2,
1,
-L=2
2,3,
1,2,
-L=3
1,2,3,
I=4
-L=1
4,
3,
2,
1,
-L=2
3,4,
2,3,
1,2,
-L=3
2,3,4,
1,2,3,
-L=4
1,2,3,4,
I=5
-L=1
5,
4,
3,
2,
1,
-L=2
4,5,
3,4,
2,3,
1,2,
-L=3
3,4,5,
2,3,4,
1,2,3,
-L=4
2,3,4,5,
1,2,3,4,
-L=5
1,2,3,4,5,
I=6
-L=1
6,
5,
4,
3,
2,
1,
-L=2
5,6,
4,5,
3,4,
2,3,
1,2,
-L=3
4,5,6,
3,4,5,
2,3,4,
1,2,3,
-L=4
3,4,5,6,
2,3,4,5,
1,2,3,4,
-L=5
2,3,4,5,6,
1,2,3,4,5,
-L=6
1,2,3,4,5,6,
I=7
-L=1
7,
6,
5,
4,
3,
2,
1,
-L=2
6,7,
5,6,
4,5,
3,4,
2,3,
1,2,
-L=3
5,6,7,
4,5,6,
3,4,5,
2,3,4,
1,2,3,
-L=4
4,5,6,7,
3,4,5,6,
2,3,4,5,
1,2,3,4,
-L=5
3,4,5,6,7,
2,3,4,5,6,
1,2,3,4,5,
-L=6
2,3,4,5,6,7,
1,2,3,4,5,6,
-L=7
1,2,3,4,5,6,7,
I=8
-L=1
8,
7,
6,
5,
4,
3,
2,
1,
-L=2
7,8,
6,7,
5,6,
4,5,
3,4,
2,3,
1,2,
-L=3
6,7,8,
5,6,7,
4,5,6,
3,4,5,
2,3,4,
1,2,3,
-L=4
5,6,7,8,
4,5,6,7,
3,4,5,6,
2,3,4,5,
1,2,3,4,
-L=5
4,5,6,7,8,
3,4,5,6,7,
2,3,4,5,6,
1,2,3,4,5,
-L=6
3,4,5,6,7,8,
2,3,4,5,6,7,
1,2,3,4,5,6,
-L=7
2,3,4,5,6,7,8,
1,2,3,4,5,6,7,
-L=8
1,2,3,4,5,6,7,8,
I=9
-L=1
9,
8,
7,
6,
5,
4,
3,
2,
1,
-L=2
8,9,
7,8,
6,7,
5,6,
4,5,
3,4,
2,3,
1,2,
-L=3
7,8,9,
6,7,8,
5,6,7,
4,5,6,
3,4,5,
2,3,4,
1,2,3,
-L=4
6,7,8,9,
5,6,7,8,
4,5,6,7,
3,4,5,6,
2,3,4,5,
1,2,3,4,
-L=5
5,6,7,8,9,
4,5,6,7,8,
3,4,5,6,7,
2,3,4,5,6,
1,2,3,4,5,
-L=6
4,5,6,7,8,9,
3,4,5,6,7,8,
2,3,4,5,6,7,
1,2,3,4,5,6,
-L=7
3,4,5,6,7,8,9,
2,3,4,5,6,7,8,
1,2,3,4,5,6,7,
-L=8
2,3,4,5,6,7,8,9,
1,2,3,4,5,6,7,8,
-L=9
1,2,3,4,5,6,7,8,9,
I=10
-L=1
10,
9,
8,
7,
6,
5,
4,
3,
2,
1,
-L=2
9,10,
8,9,
7,8,
6,7,
5,6,
4,5,
3,4,
2,3,
1,2,
-L=3
8,9,10,
7,8,9,
6,7,8,
5,6,7,
4,5,6,
3,4,5,
2,3,4,
1,2,3,
-L=4
7,8,9,10,
6,7,8,9,
5,6,7,8,
4,5,6,7,
3,4,5,6,
2,3,4,5,
1,2,3,4,
-L=5
6,7,8,9,10,
5,6,7,8,9,
4,5,6,7,8,
3,4,5,6,7,
2,3,4,5,6,
1,2,3,4,5,
-L=6
5,6,7,8,9,10,
4,5,6,7,8,9,
3,4,5,6,7,8,
2,3,4,5,6,7,
1,2,3,4,5,6,
-L=7
4,5,6,7,8,9,10,
3,4,5,6,7,8,9,
2,3,4,5,6,7,8,
1,2,3,4,5,6,7,
-L=8
3,4,5,6,7,8,9,10,
2,3,4,5,6,7,8,9,
1,2,3,4,5,6,7,8,
-L=9
2,3,4,5,6,7,8,9,10,
1,2,3,4,5,6,7,8,9,
-L=10
1,2,3,4,5,6,7,8,9,10,
I=11
-L=1
11,
10,
9,
8,
7,
6,
5,
4,
3,
2,
1,
-L=2
10,11,
9,10,
8,9,
7,8,
6,7,
5,6,
4,5,
3,4,
2,3,
1,2,
-L=3
9,10,11,
8,9,10,
7,8,9,
6,7,8,
5,6,7,
4,5,6,
3,4,5,
2,3,4,
1,2,3,
-L=4
8,9,10,11,
7,8,9,10,
6,7,8,9,
5,6,7,8,
4,5,6,7,
3,4,5,6,
2,3,4,5,
1,2,3,4,
-L=5
7,8,9,10,11,
6,7,8,9,10,
5,6,7,8,9,
4,5,6,7,8,
3,4,5,6,7,
2,3,4,5,6,
1,2,3,4,5,
-L=6
6,7,8,9,10,11,
5,6,7,8,9,10,
4,5,6,7,8,9,
3,4,5,6,7,8,
2,3,4,5,6,7,
1,2,3,4,5,6,
-L=7
5,6,7,8,9,10,11,
4,5,6,7,8,9,10,
3,4,5,6,7,8,9,
2,3,4,5,6,7,8,
1,2,3,4,5,6,7,
-L=8
4,5,6,7,8,9,10,11,
3,4,5,6,7,8,9,10,
2,3,4,5,6,7,8,9,
1,2,3,4,5,6,7,8,
-L=9
3,4,5,6,7,8,9,10,11,
2,3,4,5,6,7,8,9,10,
1,2,3,4,5,6,7,8,9,
-L=10
2,3,4,5,6,7,8,9,10,11,
1,2,3,4,5,6,7,8,9,10,
-L=11
1,2,3,4,5,6,7,8,9,10,11,
I=12
-L=1
12,
11,
10,
9,
8,
7,
6,
5,
4,
3,
2,
1,
-L=2
11,12,
10,11,
9,10,
8,9,
7,8,
6,7,
5,6,
4,5,
3,4,
2,3,
1,2,
-L=3
10,11,12,
9,10,11,
8,9,10,
7,8,9,
6,7,8,
5,6,7,
4,5,6,
3,4,5,
2,3,4,
1,2,3,
-L=4
9,10,11,12,
8,9,10,11,
7,8,9,10,
6,7,8,9,
5,6,7,8,
4,5,6,7,
3,4,5,6,
2,3,4,5,
1,2,3,4,
-L=5
8,9,10,11,12,
7,8,9,10,11,
6,7,8,9,10,
5,6,7,8,9,
4,5,6,7,8,
3,4,5,6,7,
2,3,4,5,6,
1,2,3,4,5,
-L=6
7,8,9,10,11,12,
6,7,8,9,10,11,
5,6,7,8,9,10,
4,5,6,7,8,9,
3,4,5,6,7,8,
2,3,4,5,6,7,
1,2,3,4,5,6,
-L=7
6,7,8,9,10,11,12,
5,6,7,8,9,10,11,
4,5,6,7,8,9,10,
3,4,5,6,7,8,9,
2,3,4,5,6,7,8,
1,2,3,4,5,6,7,
-L=8
5,6,7,8,9,10,11,12,
4,5,6,7,8,9,10,11,
3,4,5,6,7,8,9,10,
2,3,4,5,6,7,8,9,
1,2,3,4,5,6,7,8,
-L=9
4,5,6,7,8,9,10,11,12,
3,4,5,6,7,8,9,10,11,
2,3,4,5,6,7,8,9,10,
1,2,3,4,5,6,7,8,9,
-L=10
3,4,5,6,7,8,9,10,11,12,
2,3,4,5,6,7,8,9,10,11,
1,2,3,4,5,6,7,8,9,10,
-L=11
2,3,4,5,6,7,8,9,10,11,12,
1,2,3,4,5,6,7,8,9,10,11,
-L=12
1,2,3,4,5,6,7,8,9,10,11,12,
I=13
-L=1
13,
12,
11,
10,
9,
8,
7,
6,
5,
4,
3,
2,
1,
-L=2
12,13,
11,12,
10,11,
9,10,
8,9,
7,8,
6,7,
5,6,
4,5,
3,4,
2,3,
1,2,
-L=3
11,12,13,
10,11,12,
9,10,11,
8,9,10,
7,8,9,
6,7,8,
5,6,7,
4,5,6,
3,4,5,
2,3,4,
1,2,3,
-L=4
10,11,12,13,
9,10,11,12,
8,9,10,11,
7,8,9,10,
6,7,8,9,
5,6,7,8,
4,5,6,7,
3,4,5,6,
2,3,4,5,
1,2,3,4,
-L=5
9,10,11,12,13,
8,9,10,11,12,
7,8,9,10,11,
6,7,8,9,10,
5,6,7,8,9,
4,5,6,7,8,
3,4,5,6,7,
2,3,4,5,6,
1,2,3,4,5,
-L=6
8,9,10,11,12,13,
7,8,9,10,11,12,
6,7,8,9,10,11,
5,6,7,8,9,10,
4,5,6,7,8,9,
3,4,5,6,7,8,
2,3,4,5,6,7,
1,2,3,4,5,6,
-L=7
7,8,9,10,11,12,13,
6,7,8,9,10,11,12,
5,6,7,8,9,10,11,
4,5,6,7,8,9,10,
3,4,5,6,7,8,9,
2,3,4,5,6,7,8,
1,2,3,4,5,6,7,
-L=8
6,7,8,9,10,11,12,13,
5,6,7,8,9,10,11,12,
4,5,6,7,8,9,10,11,
3,4,5,6,7,8,9,10,
2,3,4,5,6,7,8,9,
1,2,3,4,5,6,7,8,
-L=9
5,6,7,8,9,10,11,12,13,
4,5,6,7,8,9,10,11,12,
3,4,5,6,7,8,9,10,11,
2,3,4,5,6,7,8,9,10,
1,2,3,4,5,6,7,8,9,
-L=10
4,5,6,7,8,9,10,11,12,13,
3,4,5,6,7,8,9,10,11,12,
2,3,4,5,6,7,8,9,10,11,
1,2,3,4,5,6,7,8,9,10,
-L=11
3,4,5,6,7,8,9,10,11,12,13,
2,3,4,5,6,7,8,9,10,11,12,
1,2,3,4,5,6,7,8,9,10,11,
-L=12
2,3,4,5,6,7,8,9,10,11,12,13,
1,2,3,4,5,6,7,8,9,10,11,12,
-L=13
1,2,3,4,5,6,7,8,9,10,11,12,13,
I=14
-L=1
14,
13,
12,
11,
10,
9,
8,
7,
6,
5,
4,
3,
2,
1,
-L=2
13,14,
12,13,
11,12,
10,11,
9,10,
8,9,
7,8,
6,7,
5,6,
4,5,
3,4,
2,3,
1,2,
-L=3
12,13,14,
11,12,13,
10,11,12,
9,10,11,
8,9,10,
7,8,9,
6,7,8,
5,6,7,
4,5,6,
3,4,5,
2,3,4,
1,2,3,
-L=4
11,12,13,14,
10,11,12,13,
9,10,11,12,
8,9,10,11,
7,8,9,10,
6,7,8,9,
5,6,7,8,
4,5,6,7,
3,4,5,6,
2,3,4,5,
1,2,3,4,
-L=5
10,11,12,13,14,
9,10,11,12,13,
8,9,10,11,12,
7,8,9,10,11,
6,7,8,9,10,
5,6,7,8,9,
4,5,6,7,8,
3,4,5,6,7,
2,3,4,5,6,
1,2,3,4,5,
-L=6
9,10,11,12,13,14,
8,9,10,11,12,13,
7,8,9,10,11,12,
6,7,8,9,10,11,
5,6,7,8,9,10,
4,5,6,7,8,9,
3,4,5,6,7,8,
2,3,4,5,6,7,
1,2,3,4,5,6,
-L=7
8,9,10,11,12,13,14,
7,8,9,10,11,12,13,
6,7,8,9,10,11,12,
5,6,7,8,9,10,11,
4,5,6,7,8,9,10,
3,4,5,6,7,8,9,
2,3,4,5,6,7,8,
1,2,3,4,5,6,7,
-L=8
7,8,9,10,11,12,13,14,
6,7,8,9,10,11,12,13,
5,6,7,8,9,10,11,12,
4,5,6,7,8,9,10,11,
3,4,5,6,7,8,9,10,
2,3,4,5,6,7,8,9,
1,2,3,4,5,6,7,8,
-L=9
6,7,8,9,10,11,12,13,14,
5,6,7,8,9,10,11,12,13,
4,5,6,7,8,9,10,11,12,
3,4,5,6,7,8,9,10,11,
2,3,4,5,6,7,8,9,10,
1,2,3,4,5,6,7,8,9,
-L=10
5,6,7,8,9,10,11,12,13,14,
4,5,6,7,8,9,10,11,12,13,
3,4,5,6,7,8,9,10,11,12,
2,3,4,5,6,7,8,9,10,11,
1,2,3,4,5,6,7,8,9,10,
-L=11
4,5,6,7,8,9,10,11,12,13,14,
3,4,5,6,7,8,9,10,11,12,13,
2,3,4,5,6,7,8,9,10,11,12,
1,2,3,4,5,6,7,8,9,10,11,
-L=12
3,4,5,6,7,8,9,10,11,12,13,14,
2,3,4,5,6,7,8,9,10,11,12,13,
1,2,3,4,5,6,7,8,9,10,11,12,
-L=13
2,3,4,5,6,7,8,9,10,11,12,13,14,
1,2,3,4,5,6,7,8,9,10,11,12,13,
-L=14
1,2,3,4,5,6,7,8,9,10,11,12,13,14,
I=15
-L=1
15,
14,
13,
12,
11,
10,
9,
8,
7,
6,
5,
4,
3,
2,
1,
-L=2
14,15,
13,14,
12,13,
11,12,
10,11,
9,10,
8,9,
7,8,
6,7,
5,6,
4,5,
3,4,
2,3,
1,2,
-L=3
13,14,15,
12,13,14,
11,12,13,
10,11,12,
9,10,11,
8,9,10,
7,8,9,
6,7,8,
5,6,7,
4,5,6,
3,4,5,
2,3,4,
1,2,3,
-L=4
12,13,14,15,
11,12,13,14,
10,11,12,13,
9,10,11,12,
8,9,10,11,
7,8,9,10,
6,7,8,9,
5,6,7,8,
4,5,6,7,
3,4,5,6,
2,3,4,5,
1,2,3,4,
-L=5
11,12,13,14,15,
10,11,12,13,14,
9,10,11,12,13,
8,9,10,11,12,
7,8,9,10,11,
6,7,8,9,10,
5,6,7,8,9,
4,5,6,7,8,
3,4,5,6,7,
2,3,4,5,6,
1,2,3,4,5,
-L=6
10,11,12,13,14,15,
9,10,11,12,13,14,
8,9,10,11,12,13,
7,8,9,10,11,12,
6,7,8,9,10,11,
5,6,7,8,9,10,
4,5,6,7,8,9,
3,4,5,6,7,8,
2,3,4,5,6,7,
1,2,3,4,5,6,
-L=7
9,10,11,12,13,14,15,
8,9,10,11,12,13,14,
7,8,9,10,11,12,13,
6,7,8,9,10,11,12,
5,6,7,8,9,10,11,
4,5,6,7,8,9,10,
3,4,5,6,7,8,9,
2,3,4,5,6,7,8,
1,2,3,4,5,6,7,
-L=8
8,9,10,11,12,13,14,15,
7,8,9,10,11,12,13,14,
6,7,8,9,10,11,12,13,
5,6,7,8,9,10,11,12,
4,5,6,7,8,9,10,11,
3,4,5,6,7,8,9,10,
2,3,4,5,6,7,8,9,
1,2,3,4,5,6,7,8,
-L=9
7,8,9,10,11,12,13,14,15,
6,7,8,9,10,11,12,13,14,
5,6,7,8,9,10,11,12,13,
4,5,6,7,8,9,10,11,12,
3,4,5,6,7,8,9,10,11,
2,3,4,5,6,7,8,9,10,
1,2,3,4,5,6,7,8,9,
-L=10
6,7,8,9,10,11,12,13,14,15,
5,6,7,8,9,10,11,12,13,14,
4,5,6,7,8,9,10,11,12,13,
3,4,5,6,7,8,9,10,11,12,
2,3,4,5,6,7,8,9,10,11,
1,2,3,4,5,6,7,8,9,10,
-L=11
5,6,7,8,9,10,11,12,13,14,15,
4,5,6,7,8,9,10,11,12,13,14,
3,4,5,6,7,8,9,10,11,12,13,
2,3,4,5,6,7,8,9,10,11,12,
1,2,3,4,5,6,7,8,9,10,11,
-L=12
4,5,6,7,8,9,10,11,12,13,14,15,
3,4,5,6,7,8,9,10,11,12,13,14,
2,3,4,5,6,7,8,9,10,11,12,13,
1,2,3,4,5,6,7,8,9,10,11,12,
-L=13
3,4,5,6,7,8,9,10,11,12,13,14,15,
2,3,4,5,6,7,8,9,10,11,12,13,14,
1,2,3,4,5,6,7,8,9,10,11,12,13,
-L=14
2,3,4,5,6,7,8,9,10,11,12,13,14,15,
1,2,3,4,5,6,7,8,9,10,11,12,13,14,
-L=15
1,2,3,4,5,6,7,8,9,10,11,12,13,14,15,
I=16
-L=1
16,
15,
14,
13,
12,
11,
10,
9,
8,
7,
6,
5,
4,
3,
2,
1,
-L=2
15,16,
14,15,
13,14,
12,13,
11,12,
10,11,
9,10,
8,9,
7,8,
6,7,
5,6,
4,5,
3,4,
2,3,
1,2,
-L=3
14,15,16,
13,14,15,
12,13,14,
11,12,13,
10,11,12,
9,10,11,
8,9,10,
7,8,9,
6,7,8,
5,6,7,
4,5,6,
3,4,5,
2,3,4,
1,2,3,
-L=4
13,14,15,16,
12,13,14,15,
11,12,13,14,
10,11,12,13,
9,10,11,12,
8,9,10,11,
7,8,9,10,
6,7,8,9,
5,6,7,8,
4,5,6,7,
3,4,5,6,
2,3,4,5,
1,2,3,4,
-L=5
12,13,14,15,16,
11,12,13,14,15,
10,11,12,13,14,
9,10,11,12,13,
8,9,10,11,12,
7,8,9,10,11,
6,7,8,9,10,
5,6,7,8,9,
4,5,6,7,8,
3,4,5,6,7,
2,3,4,5,6,
1,2,3,4,5,
-L=6
11,12,13,14,15,16,
10,11,12,13,14,15,
9,10,11,12,13,14,
8,9,10,11,12,13,
7,8,9,10,11,12,
6,7,8,9,10,11,
5,6,7,8,9,10,
4,5,6,7,8,9,
3,4,5,6,7,8,
2,3,4,5,6,7,
1,2,3,4,5,6,
-L=7
10,11,12,13,14,15,16,
9,10,11,12,13,14,15,
8,9,10,11,12,13,14,
7,8,9,10,11,12,13,
6,7,8,9,10,11,12,
5,6,7,8,9,10,11,
4,5,6,7,8,9,10,
3,4,5,6,7,8,9,
2,3,4,5,6,7,8,
1,2,3,4,5,6,7,
-L=8
9,10,11,12,13,14,15,16,
8,9,10,11,12,13,14,15,
7,8,9,10,11,12,13,14,
6,7,8,9,10,11,12,13,
5,6,7,8,9,10,11,12,
4,5,6,7,8,9,10,11,
3,4,5,6,7,8,9,10,
2,3,4,5,6,7,8,9,
1,2,3,4,5,6,7,8,
-L=9
8,9,10,11,12,13,14,15,16,
7,8,9,10,11,12,13,14,15,
6,7,8,9,10,11,12,13,14,
5,6,7,8,9,10,11,12,13,
4,5,6,7,8,9,10,11,12,
3,4,5,6,7,8,9,10,11,
2,3,4,5,6,7,8,9,10,
1,2,3,4,5,6,7,8,9,
-L=10
7,8,9,10,11,12,13,14,15,16,
6,7,8,9,10,11,12,13,14,15,
5,6,7,8,9,10,11,12,13,14,
4,5,6,7,8,9,10,11,12,13,
3,4,5,6,7,8,9,10,11,12,
2,3,4,5,6,7,8,9,10,11,
1,2,3,4,5,6,7,8,9,10,
-L=11
6,7,8,9,10,11,12,13,14,15,16,
5,6,7,8,9,10,11,12,13,14,15,
4,5,6,7,8,9,10,11,12,13,14,
3,4,5,6,7,8,9,10,11,12,13,
2,3,4,5,6,7,8,9,10,11,12,
1,2,3,4,5,6,7,8,9,10,11,
-L=12
5,6,7,8,9,10,11,12,13,14,15,16,
4,5,6,7,8,9,10,11,12,13,14,15,
3,4,5,6,7,8,9,10,11,12,13,14,
2,3,4,5,6,7,8,9,10,11,12,13,
1,2,3,4,5,6,7,8,9,10,11,12,
-L=13
4,5,6,7,8,9,10,11,12,13,14,15,16,
3,4,5,6,7,8,9,10,11,12,13,14,15,
2,3,4,5,6,7,8,9,10,11,12,13,14,
1,2,3,4,5,6,7,8,9,10,11,12,13,
-L=14
3,4,5,6,7,8,9,10,11,12,13,14,15,16,
2,3,4,5,6,7,8,9,10,11,12,13,14,15,
1,2,3,4,5,6,7,8,9,10,11,12,13,14,
-L=15
2,3,4,5,6,7,8,9,10,11,12,13,14,15,16,
1,2,3,4,5,6,7,8,9,10,11,12,13,14,15,
-L=16
1,2,3,4,5,6,7,8,9,10,11,12,13,14,15,16,
I=17
-L=1
17,
16,
15,
14,
13,
12,
11,
10,
9,
8,
7,
6,
5,
4,
3,
2,
1,
-L=2
16,17,
15,16,
14,15,
13,14,
12,13,
11,12,
10,11,
9,10,
8,9,
7,8,
6,7,
5,6,
4,5,
3,4,
2,3,
1,2,
-L=3
15,16,17,
14,15,16,
13,14,15,
12,13,14,
11,12,13,
10,11,12,
9,10,11,
8,9,10,
7,8,9,
6,7,8,
5,6,7,
4,5,6,
3,4,5,
2,3,4,
1,2,3,
-L=4
14,15,16,17,
13,14,15,16,
12,13,14,15,
11,12,13,14,
10,11,12,13,
9,10,11,12,
8,9,10,11,
7,8,9,10,
6,7,8,9,
5,6,7,8,
4,5,6,7,
3,4,5,6,
2,3,4,5,
1,2,3,4,
-L=5
13,14,15,16,17,
12,13,14,15,16,
11,12,13,14,15,
10,11,12,13,14,
9,10,11,12,13,
8,9,10,11,12,
7,8,9,10,11,
6,7,8,9,10,
5,6,7,8,9,
4,5,6,7,8,
3,4,5,6,7,
2,3,4,5,6,
1,2,3,4,5,
-L=6
12,13,14,15,16,17,
11,12,13,14,15,16,
10,11,12,13,14,15,
9,10,11,12,13,14,
8,9,10,11,12,13,
7,8,9,10,11,12,
6,7,8,9,10,11,
5,6,7,8,9,10,
4,5,6,7,8,9,
3,4,5,6,7,8,
2,3,4,5,6,7,
1,2,3,4,5,6,
-L=7
11,12,13,14,15,16,17,
10,11,12,13,14,15,16,
9,10,11,12,13,14,15,
8,9,10,11,12,13,14,
7,8,9,10,11,12,13,
6,7,8,9,10,11,12,
5,6,7,8,9,10,11,
4,5,6,7,8,9,10,
3,4,5,6,7,8,9,
2,3,4,5,6,7,8,
1,2,3,4,5,6,7,
-L=8
10,11,12,13,14,15,16,17,
9,10,11,12,13,14,15,16,
8,9,10,11,12,13,14,15,
7,8,9,10,11,12,13,14,
6,7,8,9,10,11,12,13,
5,6,7,8,9,10,11,12,
4,5,6,7,8,9,10,11,
3,4,5,6,7,8,9,10,
2,3,4,5,6,7,8,9,
1,2,3,4,5,6,7,8,
-L=9
9,10,11,12,13,14,15,16,17,
8,9,10,11,12,13,14,15,16,
7,8,9,10,11,12,13,14,15,
6,7,8,9,10,11,12,13,14,
5,6,7,8,9,10,11,12,13,
4,5,6,7,8,9,10,11,12,
3,4,5,6,7,8,9,10,11,
2,3,4,5,6,7,8,9,10,
1,2,3,4,5,6,7,8,9,
-L=10
8,9,10,11,12,13,14,15,16,17,
7,8,9,10,11,12,13,14,15,16,
6,7,8,9,10,11,12,13,14,15,
5,6,7,8,9,10,11,12,13,14,
4,5,6,7,8,9,10,11,12,13,
3,4,5,6,7,8,9,10,11,12,
2,3,4,5,6,7,8,9,10,11,
1,2,3,4,5,6,7,8,9,10,
-L=11
7,8,9,10,11,12,13,14,15,16,17,
6,7,8,9,10,11,12,13,14,15,16,
5,6,7,8,9,10,11,12,13,14,15,
4,5,6,7,8,9,10,11,12,13,14,
3,4,5,6,7,8,9,10,11,12,13,
2,3,4,5,6,7,8,9,10,11,12,
1,2,3,4,5,6,7,8,9,10,11,
-L=12
6,7,8,9,10,11,12,13,14,15,16,17,
5,6,7,8,9,10,11,12,13,14,15,16,
4,5,6,7,8,9,10,11,12,13,14,15,
3,4,5,6,7,8,9,10,11,12,13,14,
2,3,4,5,6,7,8,9,10,11,12,13,
1,2,3,4,5,6,7,8,9,10,11,12,
-L=13
5,6,7,8,9,10,11,12,13,14,15,16,17,
4,5,6,7,8,9,10,11,12,13,14,15,16,
3,4,5,6,7,8,9,10,11,12,13,14,15,
2,3,4,5,6,7,8,9,10,11,12,13,14,
1,2,3,4,5,6,7,8,9,10,11,12,13,
-L=14
4,5,6,7,8,9,10,11,12,13,14,15,16,17,
3,4,5,6,7,8,9,10,11,12,13,14,15,16,
2,3,4,5,6,7,8,9,10,11,12,13,14,15,
1,2,3,4,5,6,7,8,9,10,11,12,13,14,
-L=15
3,4,5,6,7,8,9,10,11,12,13,14,15,16,17,
2,3,4,5,6,7,8,9,10,11,12,13,14,15,16,
1,2,3,4,5,6,7,8,9,10,11,12,13,14,15,
-L=16
2,3,4,5,6,7,8,9,10,11,12,13,14,15,16,17,
1,2,3,4,5,6,7,8,9,10,11,12,13,14,15,16,
-L=17
1,2,3,4,5,6,7,8,9,10,11,12,13,14,15,16,17,
I=18
-L=1
18,
17,
16,
15,
14,
13,
12,
11,
10,
9,
8,
7,
6,
5,
4,
3,
2,
1,
-L=2
17,18,
16,17,
15,16,
14,15,
13,14,
12,13,
11,12,
10,11,
9,10,
8,9,
7,8,
6,7,
5,6,
4,5,
3,4,
2,3,
1,2,
-L=3
16,17,18,
15,16,17,
14,15,16,
13,14,15,
12,13,14,
11,12,13,
10,11,12,
9,10,11,
8,9,10,
7,8,9,
6,7,8,
5,6,7,
4,5,6,
3,4,5,
2,3,4,
1,2,3,
-L=4
15,16,17,18,
14,15,16,17,
13,14,15,16,
12,13,14,15,
11,12,13,14,
10,11,12,13,
9,10,11,12,
8,9,10,11,
7,8,9,10,
6,7,8,9,
5,6,7,8,
4,5,6,7,
3,4,5,6,
2,3,4,5,
1,2,3,4,
-L=5
14,15,16,17,18,
13,14,15,16,17,
12,13,14,15,16,
11,12,13,14,15,
10,11,12,13,14,
9,10,11,12,13,
8,9,10,11,12,
7,8,9,10,11,
6,7,8,9,10,
5,6,7,8,9,
4,5,6,7,8,
3,4,5,6,7,
2,3,4,5,6,
1,2,3,4,5,
-L=6
13,14,15,16,17,18,
12,13,14,15,16,17,
11,12,13,14,15,16,
10,11,12,13,14,15,
9,10,11,12,13,14,
8,9,10,11,12,13,
7,8,9,10,11,12,
6,7,8,9,10,11,
5,6,7,8,9,10,
4,5,6,7,8,9,
3,4,5,6,7,8,
2,3,4,5,6,7,
1,2,3,4,5,6,
-L=7
12,13,14,15,16,17,18,
11,12,13,14,15,16,17,
10,11,12,13,14,15,16,
9,10,11,12,13,14,15,
8,9,10,11,12,13,14,
7,8,9,10,11,12,13,
6,7,8,9,10,11,12,
5,6,7,8,9,10,11,
4,5,6,7,8,9,10,
3,4,5,6,7,8,9,
2,3,4,5,6,7,8,
1,2,3,4,5,6,7,
-L=8
11,12,13,14,15,16,17,18,
10,11,12,13,14,15,16,17,
9,10,11,12,13,14,15,16,
8,9,10,11,12,13,14,15,
7,8,9,10,11,12,13,14,
6,7,8,9,10,11,12,13,
5,6,7,8,9,10,11,12,
4,5,6,7,8,9,10,11,
3,4,5,6,7,8,9,10,
2,3,4,5,6,7,8,9,
1,2,3,4,5,6,7,8,
-L=9
10,11,12,13,14,15,16,17,18,
9,10,11,12,13,14,15,16,17,
8,9,10,11,12,13,14,15,16,
7,8,9,10,11,12,13,14,15,
6,7,8,9,10,11,12,13,14,
5,6,7,8,9,10,11,12,13,
4,5,6,7,8,9,10,11,12,
3,4,5,6,7,8,9,10,11,
2,3,4,5,6,7,8,9,10,
1,2,3,4,5,6,7,8,9,
-L=10
9,10,11,12,13,14,15,16,17,18,
8,9,10,11,12,13,14,15,16,17,
7,8,9,10,11,12,13,14,15,16,
6,7,8,9,10,11,12,13,14,15,
5,6,7,8,9,10,11,12,13,14,
4,5,6,7,8,9,10,11,12,13,
3,4,5,6,7,8,9,10,11,12,
2,3,4,5,6,7,8,9,10,11,
1,2,3,4,5,6,7,8,9,10,
-L=11
8,9,10,11,12,13,14,15,16,17,18,
7,8,9,10,11,12,13,14,15,16,17,
6,7,8,9,10,11,12,13,14,15,16,
5,6,7,8,9,10,11,12,13,14,15,
4,5,6,7,8,9,10,11,12,13,14,
3,4,5,6,7,8,9,10,11,12,13,
2,3,4,5,6,7,8,9,10,11,12,
1,2,3,4,5,6,7,8,9,10,11,
-L=12
7,8,9,10,11,12,13,14,15,16,17,18,
6,7,8,9,10,11,12,13,14,15,16,17,
5,6,7,8,9,10,11,12,13,14,15,16,
4,5,6,7,8,9,10,11,12,13,14,15,
3,4,5,6,7,8,9,10,11,12,13,14,
2,3,4,5,6,7,8,9,10,11,12,13,
1,2,3,4,5,6,7,8,9,10,11,12,
-L=13
6,7,8,9,10,11,12,13,14,15,16,17,18,
5,6,7,8,9,10,11,12,13,14,15,16,17,
4,5,6,7,8,9,10,11,12,13,14,15,16,
3,4,5,6,7,8,9,10,11,12,13,14,15,
2,3,4,5,6,7,8,9,10,11,12,13,14,
1,2,3,4,5,6,7,8,9,10,11,12,13,
-L=14
5,6,7,8,9,10,11,12,13,14,15,16,17,18,
4,5,6,7,8,9,10,11,12,13,14,15,16,17,
3,4,5,6,7,8,9,10,11,12,13,14,15,16,
2,3,4,5,6,7,8,9,10,11,12,13,14,15,
1,2,3,4,5,6,7,8,9,10,11,12,13,14,
-L=15
4,5,6,7,8,9,10,11,12,13,14,15,16,17,18,
3,4,5,6,7,8,9,10,11,12,13,14,15,16,17,
2,3,4,5,6,7,8,9,10,11,12,13,14,15,16,
1,2,3,4,5,6,7,8,9,10,11,12,13,14,15,
-L=16
3,4,5,6,7,8,9,10,11,12,13,14,15,16,17,18,
2,3,4,5,6,7,8,9,10,11,12,13,14,15,16,17,
1,2,3,4,5,6,7,8,9,10,11,12,13,14,15,16,
-L=17
2,3,4,5,6,7,8,9,10,11,12,13,14,15,16,17,18,
1,2,3,4,5,6,7,8,9,10,11,12,13,14,15,16,17,
-L=18
1,2,3,4,5,6,7,8,9,10,11,12,13,14,15,16,17,18,
I=19
-L=1
19,
18,
17,
16,
15,
14,
13,
12,
11,
10,
9,
8,
7,
6,
5,
4,
3,
2,
1,
-L=2
18,19,
17,18,
16,17,
15,16,
14,15,
13,14,
12,13,
11,12,
10,11,
9,10,
8,9,
7,8,
6,7,
5,6,
4,5,
3,4,
2,3,
1,2,
-L=3
17,18,19,
16,17,18,
15,16,17,
14,15,16,
13,14,15,
12,13,14,
11,12,13,
10,11,12,
9,10,11,
8,9,10,
7,8,9,
6,7,8,
5,6,7,
4,5,6,
3,4,5,
2,3,4,
1,2,3,
-L=4
16,17,18,19,
15,16,17,18,
14,15,16,17,
13,14,15,16,
12,13,14,15,
11,12,13,14,
10,11,12,13,
9,10,11,12,
8,9,10,11,
7,8,9,10,
6,7,8,9,
5,6,7,8,
4,5,6,7,
3,4,5,6,
2,3,4,5,
1,2,3,4,
-L=5
15,16,17,18,19,
14,15,16,17,18,
13,14,15,16,17,
12,13,14,15,16,
11,12,13,14,15,
10,11,12,13,14,
9,10,11,12,13,
8,9,10,11,12,
7,8,9,10,11,
6,7,8,9,10,
5,6,7,8,9,
4,5,6,7,8,
3,4,5,6,7,
2,3,4,5,6,
1,2,3,4,5,
-L=6
14,15,16,17,18,19,
13,14,15,16,17,18,
12,13,14,15,16,17,
11,12,13,14,15,16,
10,11,12,13,14,15,
9,10,11,12,13,14,
8,9,10,11,12,13,
7,8,9,10,11,12,
6,7,8,9,10,11,
5,6,7,8,9,10,
4,5,6,7,8,9,
3,4,5,6,7,8,
2,3,4,5,6,7,
1,2,3,4,5,6,
-L=7
13,14,15,16,17,18,19,
12,13,14,15,16,17,18,
11,12,13,14,15,16,17,
10,11,12,13,14,15,16,
9,10,11,12,13,14,15,
8,9,10,11,12,13,14,
7,8,9,10,11,12,13,
6,7,8,9,10,11,12,
5,6,7,8,9,10,11,
4,5,6,7,8,9,10,
3,4,5,6,7,8,9,
2,3,4,5,6,7,8,
1,2,3,4,5,6,7,
-L=8
12,13,14,15,16,17,18,19,
11,12,13,14,15,16,17,18,
10,11,12,13,14,15,16,17,
9,10,11,12,13,14,15,16,
8,9,10,11,12,13,14,15,
7,8,9,10,11,12,13,14,
6,7,8,9,10,11,12,13,
5,6,7,8,9,10,11,12,
4,5,6,7,8,9,10,11,
3,4,5,6,7,8,9,10,
2,3,4,5,6,7,8,9,
1,2,3,4,5,6,7,8,
-L=9
11,12,13,14,15,16,17,18,19,
10,11,12,13,14,15,16,17,18,
9,10,11,12,13,14,15,16,17,
8,9,10,11,12,13,14,15,16,
7,8,9,10,11,12,13,14,15,
6,7,8,9,10,11,12,13,14,
5,6,7,8,9,10,11,12,13,
4,5,6,7,8,9,10,11,12,
3,4,5,6,7,8,9,10,11,
2,3,4,5,6,7,8,9,10,
1,2,3,4,5,6,7,8,9,
-L=10
10,11,12,13,14,15,16,17,18,19,
9,10,11,12,13,14,15,16,17,18,
8,9,10,11,12,13,14,15,16,17,
7,8,9,10,11,12,13,14,15,16,
6,7,8,9,10,11,12,13,14,15,
5,6,7,8,9,10,11,12,13,14,
4,5,6,7,8,9,10,11,12,13,
3,4,5,6,7,8,9,10,11,12,
2,3,4,5,6,7,8,9,10,11,
1,2,3,4,5,6,7,8,9,10,
-L=11
9,10,11,12,13,14,15,16,17,18,19,
8,9,10,11,12,13,14,15,16,17,18,
7,8,9,10,11,12,13,14,15,16,17,
6,7,8,9,10,11,12,13,14,15,16,
5,6,7,8,9,10,11,12,13,14,15,
4,5,6,7,8,9,10,11,12,13,14,
3,4,5,6,7,8,9,10,11,12,13,
2,3,4,5,6,7,8,9,10,11,12,
1,2,3,4,5,6,7,8,9,10,11,
-L=12
8,9,10,11,12,13,14,15,16,17,18,19,
7,8,9,10,11,12,13,14,15,16,17,18,
6,7,8,9,10,11,12,13,14,15,16,17,
5,6,7,8,9,10,11,12,13,14,15,16,
4,5,6,7,8,9,10,11,12,13,14,15,
3,4,5,6,7,8,9,10,11,12,13,14,
2,3,4,5,6,7,8,9,10,11,12,13,
1,2,3,4,5,6,7,8,9,10,11,12,
-L=13
7,8,9,10,11,12,13,14,15,16,17,18,19,
6,7,8,9,10,11,12,13,14,15,16,17,18,
5,6,7,8,9,10,11,12,13,14,15,16,17,
4,5,6,7,8,9,10,11,12,13,14,15,16,
3,4,5,6,7,8,9,10,11,12,13,14,15,
2,3,4,5,6,7,8,9,10,11,12,13,14,
1,2,3,4,5,6,7,8,9,10,11,12,13,
-L=14
6,7,8,9,10,11,12,13,14,15,16,17,18,19,
5,6,7,8,9,10,11,12,13,14,15,16,17,18,
4,5,6,7,8,9,10,11,12,13,14,15,16,17,
3,4,5,6,7,8,9,10,11,12,13,14,15,16,
2,3,4,5,6,7,8,9,10,11,12,13,14,15,
1,2,3,4,5,6,7,8,9,10,11,12,13,14,
-L=15
5,6,7,8,9,10,11,12,13,14,15,16,17,18,19,
4,5,6,7,8,9,10,11,12,13,14,15,16,17,18,
3,4,5,6,7,8,9,10,11,12,13,14,15,16,17,
2,3,4,5,6,7,8,9,10,11,12,13,14,15,16,
1,2,3,4,5,6,7,8,9,10,11,12,13,14,15,
-L=16
4,5,6,7,8,9,10,11,12,13,14,15,16,17,18,19,
3,4,5,6,7,8,9,10,11,12,13,14,15,16,17,18,
2,3,4,5,6,7,8,9,10,11,12,13,14,15,16,17,
1,2,3,4,5,6,7,8,9,10,11,12,13,14,15,16,
-L=17
3,4,5,6,7,8,9,10,11,12,13,14,15,16,17,18,19,
2,3,4,5,6,7,8,9,10,11,12,13,14,15,16,17,18,
1,2,3,4,5,6,7,8,9,10,11,12,13,14,15,16,17,
-L=18
2,3,4,5,6,7,8,9,10,11,12,13,14,15,16,17,18,19,
1,2,3,4,5,6,7,8,9,10,11,12,13,14,15,16,17,18,
-L=19
1,2,3,4,5,6,7,8,9,10,11,12,13,14,15,16,17,18,19,
I=20
-L=1
20,
19,
18,
17,
16,
15,
14,
13,
12,
11,
10,
9,
8,
7,
6,
5,
4,
3,
2,
1,
-L=2
19,20,
18,19,
17,18,
16,17,
15,16,
14,15,
13,14,
12,13,
11,12,
10,11,
9,10,
8,9,
7,8,
6,7,
5,6,
4,5,
3,4,
2,3,
1,2,
-L=3
18,19,20,
17,18,19,
16,17,18,
15,16,17,
14,15,16,
13,14,15,
12,13,14,
11,12,13,
10,11,12,
9,10,11,
8,9,10,
7,8,9,
6,7,8,
5,6,7,
4,5,6,
3,4,5,
2,3,4,
1,2,3,
-L=4
17,18,19,20,
16,17,18,19,
15,16,17,18,
14,15,16,17,
13,14,15,16,
12,13,14,15,
11,12,13,14,
10,11,12,13,
9,10,11,12,
8,9,10,11,
7,8,9,10,
6,7,8,9,
5,6,7,8,
4,5,6,7,
3,4,5,6,
2,3,4,5,
1,2,3,4,
-L=5
16,17,18,19,20,
15,16,17,18,19,
14,15,16,17,18,
13,14,15,16,17,
12,13,14,15,16,
11,12,13,14,15,
10,11,12,13,14,
9,10,11,12,13,
8,9,10,11,12,
7,8,9,10,11,
6,7,8,9,10,
5,6,7,8,9,
4,5,6,7,8,
3,4,5,6,7,
2,3,4,5,6,
1,2,3,4,5,
-L=6
15,16,17,18,19,20,
14,15,16,17,18,19,
13,14,15,16,17,18,
12,13,14,15,16,17,
11,12,13,14,15,16,
10,11,12,13,14,15,
9,10,11,12,13,14,
8,9,10,11,12,13,
7,8,9,10,11,12,
6,7,8,9,10,11,
5,6,7,8,9,10,
4,5,6,7,8,9,
3,4,5,6,7,8,
2,3,4,5,6,7,
1,2,3,4,5,6,
-L=7
14,15,16,17,18,19,20,
13,14,15,16,17,18,19,
12,13,14,15,16,17,18,
11,12,13,14,15,16,17,
10,11,12,13,14,15,16,
9,10,11,12,13,14,15,
8,9,10,11,12,13,14,
7,8,9,10,11,12,13,
6,7,8,9,10,11,12,
5,6,7,8,9,10,11,
4,5,6,7,8,9,10,
3,4,5,6,7,8,9,
2,3,4,5,6,7,8,
1,2,3,4,5,6,7,
-L=8
13,14,15,16,17,18,19,20,
12,13,14,15,16,17,18,19,
11,12,13,14,15,16,17,18,
10,11,12,13,14,15,16,17,
9,10,11,12,13,14,15,16,
8,9,10,11,12,13,14,15,
7,8,9,10,11,12,13,14,
6,7,8,9,10,11,12,13,
5,6,7,8,9,10,11,12,
4,5,6,7,8,9,10,11,
3,4,5,6,7,8,9,10,
2,3,4,5,6,7,8,9,
1,2,3,4,5,6,7,8,
-L=9
12,13,14,15,16,17,18,19,20,
11,12,13,14,15,16,17,18,19,
10,11,12,13,14,15,16,17,18,
9,10,11,12,13,14,15,16,17,
8,9,10,11,12,13,14,15,16,
7,8,9,10,11,12,13,14,15,
6,7,8,9,10,11,12,13,14,
5,6,7,8,9,10,11,12,13,
4,5,6,7,8,9,10,11,12,
3,4,5,6,7,8,9,10,11,
2,3,4,5,6,7,8,9,10,
1,2,3,4,5,6,7,8,9,
-L=10
11,12,13,14,15,16,17,18,19,20,
10,11,12,13,14,15,16,17,18,19,
9,10,11,12,13,14,15,16,17,18,
8,9,10,11,12,13,14,15,16,17,
7,8,9,10,11,12,13,14,15,16,
6,7,8,9,10,11,12,13,14,15,
5,6,7,8,9,10,11,12,13,14,
4,5,6,7,8,9,10,11,12,13,
3,4,5,6,7,8,9,10,11,12,
2,3,4,5,6,7,8,9,10,11,
1,2,3,4,5,6,7,8,9,10,
-L=11
10,11,12,13,14,15,16,17,18,19,20,
9,10,11,12,13,14,15,16,17,18,19,
8,9,10,11,12,13,14,15,16,17,18,
7,8,9,10,11,12,13,14,15,16,17,
6,7,8,9,10,11,12,13,14,15,16,
5,6,7,8,9,10,11,12,13,14,15,
4,5,6,7,8,9,10,11,12,13,14,
3,4,5,6,7,8,9,10,11,12,13,
2,3,4,5,6,7,8,9,10,11,12,
1,2,3,4,5,6,7,8,9,10,11,
-L=12
9,10,11,12,13,14,15,16,17,18,19,20,
8,9,10,11,12,13,14,15,16,17,18,19,
7,8,9,10,11,12,13,14,15,16,17,18,
6,7,8,9,10,11,12,13,14,15,16,17,
5,6,7,8,9,10,11,12,13,14,15,16,
4,5,6,7,8,9,10,11,12,13,14,15,
3,4,5,6,7,8,9,10,11,12,13,14,
2,3,4,5,6,7,8,9,10,11,12,13,
1,2,3,4,5,6,7,8,9,10,11,12,
-L=13
8,9,10,11,12,13,14,15,16,17,18,19,20,
7,8,9,10,11,12,13,14,15,16,17,18,19,
6,7,8,9,10,11,12,13,14,15,16,17,18,
5,6,7,8,9,10,11,12,13,14,15,16,17,
4,5,6,7,8,9,10,11,12,13,14,15,16,
3,4,5,6,7,8,9,10,11,12,13,14,15,
2,3,4,5,6,7,8,9,10,11,12,13,14,
1,2,3,4,5,6,7,8,9,10,11,12,13,
-L=14
7,8,9,10,11,12,13,14,15,16,17,18,19,20,
6,7,8,9,10,11,12,13,14,15,16,17,18,19,
5,6,7,8,9,10,11,12,13,14,15,16,17,18,
4,5,6,7,8,9,10,11,12,13,14,15,16,17,
3,4,5,6,7,8,9,10,11,12,13,14,15,16,
2,3,4,5,6,7,8,9,10,11,12,13,14,15,
1,2,3,4,5,6,7,8,9,10,11,12,13,14,
-L=15
6,7,8,9,10,11,12,13,14,15,16,17,18,19,20,
5,6,7,8,9,10,11,12,13,14,15,16,17,18,19,
4,5,6,7,8,9,10,11,12,13,14,15,16,17,18,
3,4,5,6,7,8,9,10,11,12,13,14,15,16,17,
2,3,4,5,6,7,8,9,10,11,12,13,14,15,16,
1,2,3,4,5,6,7,8,9,10,11,12,13,14,15,
-L=16
5,6,7,8,9,10,11,12,13,14,15,16,17,18,19,20,
4,5,6,7,8,9,10,11,12,13,14,15,16,17,18,19,
3,4,5,6,7,8,9,10,11,12,13,14,15,16,17,18,
2,3,4,5,6,7,8,9,10,11,12,13,14,15,16,17,
1,2,3,4,5,6,7,8,9,10,11,12,13,14,15,16,
-L=17
4,5,6,7,8,9,10,11,12,13,14,15,16,17,18,19,20,
3,4,5,6,7,8,9,10,11,12,13,14,15,16,17,18,19,
2,3,4,5,6,7,8,9,10,11,12,13,14,15,16,17,18,
1,2,3,4,5,6,7,8,9,10,11,12,13,14,15,16,17,
-L=18
3,4,5,6,7,8,9,10,11,12,13,14,15,16,17,18,19,20,
2,3,4,5,6,7,8,9,10,11,12,13,14,15,16,17,18,19,
1,2,3,4,5,6,7,8,9,10,11,12,13,14,15,16,17,18,
-L=19
2,3,4,5,6,7,8,9,10,11,12,13,14,15,16,17,18,19,20,
1,2,3,4,5,6,7,8,9,10,11,12,13,14,15,16,17,18,19,
-L=20
1,2,3,4,5,6,7,8,9,10,11,12,13,14,15,16,17,18,19,20,
